1
22
877914575 602436426 24979445 861648772 623690081 433933447 476190629 262703497 211047202 971407775 628894325 731963982 822804784 450968417 430302156 982631932 161735902 880895728 923078537 707723857 189330739 910286918
1
303238506 404539679
10
773361868 492686568
650287940 125660016
462224593 839296263
384836991 492601449
576823355 191890310
404011431 782177068
954291757 818008580
155374934 160449218
164163676 840594328
138996221 797829355
10
545531545 353195922
350034067 910748511
470338674 913575467
533206504 824284691
31262034 180999835
677959980 138344965
846045895 131381221
346948152 208032501
506147731 973708325
816248153 893229302
6
455797489 37119022
190870607 215208399
554374432 189766466
694053968 137831502
469187475 47628333
810900084 409233792
10
87027328 799979694
421624712 575207354
871216480 666538409
509928121 597902643
14723492 727751951
569328197 265804420
807497925 234828607
537560717 360472167
889089200 613363438
846216104 741106986
3
279509806 76823620
9676858 242790881
322056553 792345559
2
70422962 444723554
26697435 27172325
9
751627327 992120464
277429832 499482549
471708200 736386595
417787658 940778720
248789992 306890639
203226467 1849130
938207958 672298989
313746600 331602581
864661473 206347466
9
316412581 787179775
927999455 803189770
441504628 116383718
673419335 174616807
198091552 374281898
599715811 286986530
441414148 702179569
80656954 527003384
110880114 893508913
5
370689334 233703686
846701392 209550382
574671008 214278326
889270962 936333553
121514850 989214957
1
954621185 935422061
8
394002980 909664305
317441890 887357564
414068747 988670052
67181740 922390943
602287469 901347593
383612516 528977370
753396007 817020443
83003299 81469525
2
801006699 92357163
99958976 318863571
5
969793590 458482217
713114427 770179343
73141342 91883220
192884239 87104584
327965875 8454496
1
483571449 201731258
7
643537428 667480040
668172455 926138238
810971653 897273517
675811768 774034433
782327307 359911957
661126878 94576456
442045368 741452977
9
723473541 679854882
636973764 923371826
663851401 395943269
537058698 955122098
13801515 860076763
997981495 850385413
735514571 619696523
953758357 45480206
812053310 916445904
10
8347611 581335844
940090410 16497484
720649262 646193559
588958949 173401394
576768546 87041107
21197987 137832737
721022306 440404979
249589291 749994685
467186542 754905542
812811094 368799134
1
645010898 128792089
9
840829964 678710212
157641823 318238297
28415297 871640720
889704917 341882280
275127176 587344338
534407965 441798183
816353541 842635740
467510003 945829555
457518256 111963316
3
51853974 385837611
145402024 434654931
129816176 607469609
4
893284199 350891151
891668825 469899876
304253939 739168893
522944374 732593737
